Stop1-Start sample1_in_1M T=17:06:37 
0.03
0
0.48282
23
9
14
10
10
11
12
8
7
14
14
16
15
15
9
12
15
10
7
11
15
11
9
11
7
17
15
12
7
7
8
12
14
8
9
13
12
12
13
7
6
9
16
7
13
6
14
14
8
13
16
11
12
8
9
5
11
8
4
7
12
15
8
7
12
7
14
13
17
10
14
5
12
13
11
17
10
11
8
15
12
15
12
11
14
12
11
11
16
13
15
11
11
17
12
12
11
13
9
8
13
9
14
19
11
16
4
11
13
11
13
9
14
17
12
19
14
4
11
12
14
9
16
12
13
18
19
8
16
13
12
9
13
5
15
5
16
13
11
16
10
8
10
7
11
18
15
10
13
11
9
11
10
9
7
13
8
9
12
13
9
8
12
14
11
11
11
14
6
13
14
6
9
15
15
16
5
7
9
14
9
10
11
12
13
9
15
9
6
22
11
7
9
11
17
11
17
15
9
19
7
10
13
9
15
15
11
12
12
15
12
10
8
13
17
14
9
9
12
14
10
8
12
9
9
11
6
16
7
11
10
12
9
11
16
12
16
12
12
14
15
11
11
11
9
17
16
17
9
9
9
14
16
8
10
15
13
9
9
13
4
11
16
11
12
7
13
10
9
7
14
13
8
13
11
10
11
7
7
5
10
5
14
8
10
22
17
10
12
10
12
8
10
7
7
18
10
12
9
5
4
18
11
13
10
9
7
10
17
12
14
18
14
16
17
17
14
16
12
14
15
11
21
12
14
14
16
12
17
11
18
17
14
17
17
16
12
12
15
18
23
19
22
19
14
18
24
18
22
36
45
47
50
83
130
216
278
439
675
1048
1491
2129
3255
4325
5968
7800
10185
13044
16130
19361
22551
24980
27499
30459
32471
33884
34353
34270
33920
33516
32949
31638
30013
28204
26441
24983
23846
21995
20329
19048
17660
16117
14915
14344
13263
12333
11113
10668
9848
9185
8827
8187
7584
7007
6654
6087
5869
5587
5229
4921
4561
4269
4179
3973
3779
3604
3242
3068
3056
2856
2722
2648
2464
2230
2267
2118
2023
2002
1892
1841
1748
1662
1619
1640
1549
1448
1434
1319
1357
1282
1270
1216
1180
1146
1106
1127
1098
995
909
998
906
924
932
871
811
838
797
781
765
760
768
745
702
709
655
692
650
687
606
622
581
618
587
580
571
560
531
575
482
491
493
514
455
439
459
486
464
428
402
441
418
393
412
389
405
359
385
367
382
354
364
341
328
341
304
296
328
316
276
281
298
296
314
282
265
279
267
285
249
236
238
227
226
222
212
214
213
206
233
196
191
183
191
174
166
171
176
163
178
180
185
153
144
158
144
160
145
121
151
127
159
139
142
132
121
111
134
131
120
149
108
105
110
109
117
104
104
116
100
101
87
96
106
111
118
103
103
94
100
72
89
96
96
62
85
90
64
87
72
94
84
81
74
73
73
71
81
70
80
61
64
54
74
68
68
59
64
58
64
64
54
56
49
70
53
50
45
53
40
57
60
49
55
53
38
52
55
48
49
38
44
50
33
46
41
47
42
43
45
36
34
32
49
53
47
40
31
40
40
41
32
37
27
35
32
36
30
38
26
32
28
25
27
28
38
31
34
22
34
29
36
23
24
27
27
28
22
29
25
34
29
35
26
28
28
21
17
18
24
23
23
29
22
29
29
23
20
19
13
22
25
22
19
24
17
28
18
29
15
17
20
25
14
19
19
20
22
18
23
8
24
13
15
22
20
11
23
13
23
23
19
11
15
22
22
13
15
13
16
17
18
15
21
19
16
23
24
14
20
20
14
17
15
17
15
21
12
11
19
13
20
17
12
14
11
18
13
12
18
11
11
19
15
15
14
20
19
14
11
13
14
12
18
17
13
14
18
10
12
16
25
14
11
15
10
13
13
19
14
16
20
11
20
7
15
14
9
10
18
12
10
15
12
16
15
15
8
5
15
11
15
14
9
12
22
11
17
12
10
15
17
16
16
14
8
12
15
12
11
17
13
9
16
12
13
12
9
16
9
9
9
10
21
12
15
9
13
6
17
11
13
14
14
14
14
14
11
19
17
11
16
9
14
9
10
16
9
9
10
14
10
10
16
6
14
8
11
13
7
9
12
8
12
18
13
14
9
13
13
14
8
11
10
14
7
11
9
13
7
10
12
6
11
13
18
6
14
10
18
9
3
18
19
16
16
8
9
15
14
10
18
10
10
11
11
9
9
14
10
14
12
12
16
6
12
9
17
10
10
11
10
6
13
10
17
13
15
13
10
11
16
11
14
15
11
13
16
14
17
14
9
10
17
10
11
10
11
13
12
10
16
11
18
8
7
17
11
6
14
9
17
11
10
10
12
13
14
11
9
13
11
8
12
10
13
15
13
8
9
15
14
8
15
16
6
13
12
7
14
19
12
14
9
7
17
8
12
11
13
15
17
13
12
14
8
13
7
14
6
16
15
9
5
6
9
11
19
11
9
6
15
8
13
12
14
11
9
11
12
7
12
10
13
14
9
6
11
15
12
8
8
10
11
6
16
10
12
7
10
11
12
10
14
21
13
18
6
13
10
3
9
14
13
14
8
8
16
15
11
13
10
8
12
11
12
11
10
18
12
10
8
10
11
10
8
9
11
10
10
10
10
11
12
10
7
12
10
8
13
11
7
15
7
10
13
14
6
10
13
9
13
8
11
11
13
8
21
11
12
11
15
7
17
9
8
14
15
12
11
17
11
8
15
5
13
14
10
14
14
14
9
13
13
11
15
16
8
4
13
13
13
10
16
11
9
10
11
17
11
12
11
10
17
8
16
8
10
11
19
10
9
14
5
7
13
13
12
11
5
16
13
14
6
23
6
7
6
11
10
13
16
12
8
18
16
9
12
15
7
10
13
10
9
15
10
14
7
6
12
12
13
7
7
9
12
11
16
6
5
14
9
17
9
14
5
13
9
8
8
14
11
11
14
9
10
11
13
12
7
6
12
10
13
14
10
16
10
7
13
15
13
11
7
11
16
11
13
11
7
8
8
11
9
10
11
10
14
13
11
12
14
8
12
13
13
15
9
6
14
9
10
12
13
8
11
7
8
10
10
11
6
16
11
11
13
5
12
12
16
7
10
19
13
6
15
11
12
14
8
9
12
12
4
8
10
12
12
5
11
13
4
11
14
11
15
8
10
16
13
11
10
14
5
10
15
11
7
17
4
8
11
12
15
12
11
10
7
9
10
7
7
7
16
10
9
10
9
11
13
11
10
9
19
12
10
14
7
14
11
9
16
13
8
7
7
13
8
6
11
7
11
9
12
8
14
14
8
13
11
6
10
12
9
12
8
12
7
12
6
16
11
12
12
8
11
13
11
11
7
5
12
15
10
6
11
8
10
14
6
7
6
8
5
6
5
12
10
13
17
10
7
9
9
10
7
11
6
16
18
8
6
13
9
14
11
5
6
8
9
4
4
9
7
10
14
13
9
14
10
4
15
3
9
10
6
8
8
8
11
15
8
6
10
11
9
11
9
9
9
9
7
4
8
8
5
5
12
5
11
5
6
5
6
10
11
10
14
9
9
10
7
12
6
7
6
7
7
14
10
5
12
10
8
8
11
7
9
11
10
14
7
10
11
7
8
8
4
8
8
9
6
9
4
5
8
11
13
14
11
10
12
3
9
11
7
3
10
3
4
9
4
9
4
12
6
6
8
10
14
16
10
13
10
6
7
8
7
6
16
12
6
8
9
4
4
10
6
5
9
7
8
9
5
6
10
10
11
11
10
8
8
11
4
6
13
13
9
13
13
10
6
8
8
15
4
8
15
6
2
10
7
8
7
7
3
10
6
10
4
9
3
6
9
3
11
9
8
4
7
6
6
6
5
9
6
9
4
4
5
4
8
4
4
10
11
11
6
7
9
9
8
5
4
9
5
4
9
9
4
8
6
6
11
6
9
8
6
5
4
7
7
11
4
4
5
7
8
5
6
4
3
6
10
8
7
8
1
8
10
2
9
6
7
4
5
1
6
1
6
7
8
6
12
6
7
4
5
4
7
1
9
7
5
4
5
5
5
6
4
8
4
1
3
9
4
2
6
4
9
3
6
13
2
6
5
5
7
8
5
3
4
2
5
2
4
5
8
3
6
3
6
6
5
5
1
2
6
5
3
7
5
4
6
5
2
6
4
0
3
5
5
6
5
6
6
6
4
3
4
2
2
2
3
1
4
4
2
4
4
4
1
1
5
0
2
3
3
0
2
2
3
3
3
2
3
4
5
2
2
1
1
3
2
7
5
2
4
0
3
6
1
2
2
0
1
4
4
0
2
3
4
0
0
2
1
2
2
2
1
1
0
2
1
2
2
1
3
1
0
1
0
5
2
1
3
2
2
2
1
1
2
0
0
2
2
3
1
3
1
0
2
1
0
2
0
1
1
2
3
2
1
0
1
1
1
0
0
1
0
1
2
1
1
2
0
0
0
0
1
2
0
0
0
0
0
1
1
0
1
0
1
1
0
0
0
0
1
1
1
2
0
0
0
1
0
0
1
0
0
1
0
1
0
0
1
0
0
3
0
0
0
1
0
0
0
1
0
0
0
1
0
0
0
0
0
0
0
1
0
0
0
1
0
0
1
0
0
0
0
0
