Stop1-Start silicon_thick_run1 T=22:24:41 
0.03
0
0.474066
12
10
9
7
7
6
9
9
8
7
11
8
5
3
8
6
1
5
5
6
7
7
9
6
7
3
7
9
5
9
6
6
6
7
9
6
7
7
13
5
3
10
7
9
6
9
4
0
2
7
6
3
7
2
6
7
5
9
4
2
13
6
10
8
11
9
7
6
12
5
13
11
7
7
9
4
9
6
6
7
5
11
8
5
11
6
5
11
3
4
4
5
10
3
5
8
6
9
10
5
8
12
5
7
11
6
6
6
6
10
6
7
10
12
11
5
5
8
7
7
11
12
4
4
8
6
9
10
8
9
8
8
8
9
9
6
8
7
5
4
7
3
10
10
6
7
6
4
12
8
9
4
5
8
5
6
8
9
11
9
7
2
9
7
5
9
13
7
2
7
12
9
9
10
8
4
4
11
9
11
9
3
7
8
9
9
8
5
5
4
6
8
2
5
8
8
13
3
4
7
6
7
10
8
8
4
3
5
7
7
6
8
6
10
10
6
7
7
10
7
8
10
6
5
8
12
6
7
10
8
6
9
10
5
6
8
2
11
7
3
4
5
13
5
5
8
9
6
10
11
7
5
11
9
3
9
9
11
12
13
8
7
13
7
6
6
6
3
6
7
7
10
5
8
4
9
7
7
5
5
10
4
2
12
6
6
6
8
5
5
5
7
6
2
5
5
7
10
7
5
8
5
12
1
5
5
11
8
17
4
8
7
10
9
10
7
9
7
10
11
19
12
8
8
6
6
12
11
5
15
8
7
8
6
11
6
10
17
15
16
11
20
12
15
12
14
14
12
13
19
24
17
32
38
45
76
90
131
194
302
420
726
1011
1452
2226
3208
4416
6091
8413
11188
14269
17773
21718
25395
29856
33563
37015
39454
40979
42121
42540
42892
42220
40814
38245
35717
33926
31611
29598
26550
24208
21996
19857
18100
16668
15025
13584
12065
11014
10074
9138
8278
7672
6967
6204
5599
5183
4797
4453
4032
3629
3281
3084
2691
2636
2469
2182
2032
1814
1727
1727
1527
1462
1323
1175
1115
1067
977
929
902
806
781
734
735
674
616
550
515
523
482
504
446
428
450
413
362
358
345
340
322
308
282
256
276
272
244
234
245
236
219
173
197
228
204
208
182
191
192
197
199
155
156
162
143
152
146
150
163
130
151
145
143
122
118
125
120
120
118
99
116
108
106
117
124
121
116
103
97
109
97
89
95
93
94
88
80
94
94
88
84
84
80
78
74
67
65
65
75
71
80
73
64
50
65
65
62
43
52
70
64
56
57
67
59
60
67
54
39
51
53
52
38
42
38
43
54
33
48
39
42
51
36
37
53
30
49
44
39
36
35
39
46
39
35
36
43
42
41
47
34
40
43
29
31
35
31
30
31
28
32
28
20
29
32
36
31
45
28
30
35
28
31
25
22
34
39
22
37
28
20
35
31
29
34
32
22
20
24
20
28
25
27
17
28
23
19
18
24
20
21
15
18
19
27
14
13
26
21
11
15
13
15
21
16
18
23
14
23
14
23
19
15
13
11
21
9
19
17
19
15
19
17
19
19
15
9
19
14
12
9
17
21
11
7
14
14
12
15
12
17
11
17
14
17
10
13
15
18
12
19
11
17
9
12
16
16
15
14
9
13
10
13
17
10
19
11
8
15
11
12
14
13
11
12
11
13
6
14
10
15
12
10
11
9
14
11
13
10
8
10
9
13
9
13
6
10
11
7
10
7
4
5
13
12
7
10
12
10
13
11
13
11
10
10
7
11
7
10
12
5
5
11
13
7
11
13
14
10
10
8
8
16
10
8
5
5
15
6
12
8
11
15
13
12
6
8
13
8
7
8
10
8
6
13
8
5
6
11
2
6
10
9
12
6
7
4
7
12
7
9
14
6
9
4
12
12
8
8
5
7
7
8
8
9
9
5
7
6
6
10
6
9
8
10
6
10
4
4
6
12
6
6
7
8
6
8
3
10
6
10
11
8
8
9
9
6
7
5
7
7
6
11
7
5
13
5
0
7
9
11
8
6
6
5
12
5
5
8
9
8
9
4
8
3
5
7
6
3
9
9
12
9
10
8
7
7
6
8
8
6
9
3
8
7
7
5
5
8
8
6
6
7
1
5
3
5
9
7
4
6
6
9
3
7
7
5
7
7
6
10
9
8
5
10
6
10
5
3
10
7
3
5
4
2
6
3
7
8
2
7
4
3
4
5
7
1
3
4
3
8
5
5
4
8
6
8
8
7
7
8
9
10
4
1
5
5
9
5
2
6
7
2
3
11
4
9
4
8
4
6
7
5
4
6
3
10
8
6
2
8
5
5
6
8
3
2
5
2
4
3
9
4
2
2
3
5
4
6
7
6
8
6
9
3
2
4
2
4
1
4
5
4
6
1
2
6
4
3
3
6
5
5
3
2
3
9
3
5
4
4
5
3
3
5
2
2
8
4
2
9
4
1
0
2
0
3
0
3
3
2
4
3
8
5
1
6
8
5
2
2
6
5
3
1
5
2
3
2
0
4
4
4
4
6
4
5
1
8
2
2
4
0
3
0
2
3
1
2
1
2
1
5
4
3
0
5
5
2
0
1
1
1
4
3
2
1
1
2
2
1
0
2
2
0
2
3
4
2
1
2
2
1
0
3
2
2
2
2
1
2
1
1
2
0
1
2
1
1
2
2
3
1
5
3
1
2
2
3
0
2
4
0
5
0
2
2
2
5
1
0
2
2
2
2
0
4
3
0
2
0
2
1
1
1
2
0
0
1
1
3
1
1
0
0
2
1
0
1
1
2
0
1
0
1
2
1
1
1
1
2
3
1
1
1
0
0
1
2
0
1
1
0
2
1
1
0
1
0
1
1
0
0
0
0
1
0
0
1
1
0
1
0
0
2
0
0
0
0
0
0
0
0
1
2
0
0
0
1
0
0
0
1
0
2
1
1
0
0
0
0
0
0
0
0
0
0
0
1
0
0
0
0
0
0
1
0
1
1
1
0
0
0
0
0
0
0
0
0
0
0
0
0
0
0
1
0
1
0
0
1
0
0
0
0
1
0
0
0
0
0
0
0
0
0
0
0
0
0
0
0
0
0
0
1
0
0
0
0
0
0
0
0
0
0
0
1
0
0
0
0
0
0
0
0
0
0
0
0
0
0
0
0
0
0
0
0
0
0
0
0
0
0
0
0
0
0
0
0
0
0
0
0
1
0
0
0
0
0
0
0
0
0
0
0
0
0
0
0
0
0
0
0
0
0
0
0
0
0
0
0
1
0
0
0
0
0
0
0
0
0
1
0
0
0
0
0
0
0
0
0
0
0
0
0
0
0
0
0
0
0
0
0
0
0
1
0
0
0
0
0
0
0
0
0
0
0
0
0
0
0
0
0
0
0
0
0
0
0
0
0
0
0
0
0
0
0
0
0
0
0
0
0
0
0
0
0
0
0
1
0
0
0
0
0
0
0
0
0
0
0
0
0
0
0
0
0
0
0
0
0
0
0
0
0
0
0
0
0
0
0
0
0
0
0
0
0
0
0
0
0
0
0
0
0
0
0
0
0
0
0
0
0
0
0
0
0
0
0
0
0
0
0
0
0
0
0
0
0
0
0
0
0
0
0
0
0
0
0
0
0
0
0
0
0
0
0
0
0
0
0
0
0
0
0
0
0
0
0
0
0
0
0
0
0
0
0
0
0
0
0
0
0
0
0
0
0
0
0
0
0
0
0
0
0
0
0
0
0
0
0
0
0
0
0
0
0
0
0
0
0
0
0
0
0
0
0
0
0
0
0
0
0
0
0
0
0
0
0
0
0
0
0
0
0
0
0
0
0
0
0
0
0
0
0
0
0
0
0
0
0
0
0
0
0
0
0
0
0
0
0
0
0
0
0
0
0
0
0
0
0
0
0
0
0
0
0
0
0
0
0
0
0
0
0
0
0
0
0
0
0
0
0
0
0
0
0
0
0
0
0
0
0
0
0
0
0
0
0
0
0
0
0
0
0
0
0
0
0
0
0
0
0
0
0
0
0
0
0
0
0
0
0
0
0
0
0
0
0
0
0
0
0
0
0
0
0
0
0
0
0
0
0
0
0
0
0
0
0
0
0
0
0
0
0
0
0
1
0
0
0
0
0
0
0
0
0
0
0
0
0
0
0
0
0
0
0
0
0
0
0
0
0
0
0
0
0
0
0
0
0
0
0
0
0
0
0
0
0
0
0
0
0
0
0
0
0
0
0
0
0
0
0
0
0
0
0
0
0
0
0
0
0
0
0
0
0
0
0
0
0
0
0
0
1
0
0
0
0
0
0
0
0
0
0
0
0
0
0
1
0
0
0
0
0
0
0
0
0
0
0
0
0
0
0
0
0
0
0
0
0
0
0
0
0
0
0
0
0
1
0
0
0
0
0
0
0
0
0
0
0
0
0
0
0
0
0
0
0
0
0
0
0
0
0
0
0
0
0
0
0
0
0
0
0
0
0
0
0
0
0
0
0
0
0
0
0
0
0
0
0
1
0
0
0
0
0
0
0
0
0
0
0
0
0
0
0
0
0
0
0
0
0
0
0
0
0
0
0
0
0
0
0
0
0
0
0
0
0
0
0
