Stop1-Start unknown_epoxy_run2 T=11:10:04 
0.03
0
0.47612
18
6
4
6
4
7
14
10
5
11
8
6
9
7
7
10
9
11
11
7
15
8
10
8
6
9
7
4
4
10
8
6
9
8
5
5
6
8
8
7
10
5
4
11
10
6
12
6
8
9
8
11
4
7
6
12
4
10
8
7
9
7
6
9
5
9
14
9
6
7
6
4
7
8
6
4
9
6
6
7
8
6
5
9
9
10
10
11
4
9
12
6
4
8
8
9
6
5
11
3
13
11
2
10
8
5
7
5
6
11
11
9
11
6
6
5
10
11
7
4
3
8
8
6
7
5
7
8
5
10
8
11
8
7
5
10
11
2
4
6
6
6
7
14
12
6
6
8
4
8
9
5
9
7
5
7
5
7
9
11
10
3
10
5
8
6
7
6
10
11
12
6
5
9
7
2
5
6
6
5
9
6
11
10
14
9
5
6
11
7
8
8
8
5
12
3
6
11
3
12
9
8
13
10
8
7
7
7
4
8
7
10
10
9
11
5
10
2
10
10
11
9
7
12
3
9
10
7
5
11
6
6
7
4
6
5
5
7
7
10
6
12
10
10
6
10
5
8
3
9
7
7
17
7
6
8
14
4
2
10
10
9
8
11
8
5
8
3
9
14
7
15
7
5
10
7
7
5
8
9
6
8
8
7
12
5
9
10
6
11
10
8
6
9
7
7
4
8
13
12
8
7
3
12
10
11
4
9
9
7
7
7
12
9
9
8
4
10
10
13
10
12
9
12
7
14
16
12
7
8
13
17
12
8
11
11
15
13
12
24
23
20
13
16
15
18
16
22
25
22
19
33
26
43
68
71
98
136
170
280
410
634
935
1420
1999
2747
3787
5378
7200
9644
12298
15157
18202
21348
24763
28387
30487
32669
34115
35124
35779
36096
35089
34299
32883
31618
29852
27930
26573
24629
22573
21129
19612
18206
17285
15872
14626
13086
12475
11595
11186
10180
9221
8672
8081
7686
7043
6799
6457
5942
5587
5280
4816
4614
4436
4124
3891
3558
3409
3372
3138
3091
2932
2611
2565
2442
2295
2259
2120
2014
1851
1838
1833
1700
1680
1532
1588
1388
1402
1376
1329
1300
1194
1165
1193
1123
1094
1087
1108
1015
957
954
982
916
889
868
835
838
817
819
817
701
743
679
711
675
657
669
643
578
670
613
626
566
563
540
553
531
514
526
480
494
512
485
482
444
447
438
443
439
435
437
397
388
379
328
380
364
347
334
336
336
310
295
302
253
321
291
269
265
277
272
258
253
246
248
231
215
235
229
233
219
211
199
199
228
195
194
184
184
195
172
152
178
161
177
186
184
155
128
125
147
154
145
142
146
120
150
129
114
125
125
111
114
114
106
121
97
107
100
114
95
116
103
93
112
93
93
75
75
113
82
89
88
82
75
75
91
63
65
81
68
61
63
65
90
69
71
73
74
60
64
65
58
71
69
56
60
58
51
69
57
59
41
59
57
55
55
44
40
47
55
40
60
40
55
27
41
41
41
39
32
34
39
54
32
26
38
38
43
42
33
26
33
33
36
29
29
33
23
28
27
23
20
31
24
35
25
30
29
22
30
30
20
26
18
13
28
24
20
21
35
25
24
30
27
20
20
15
31
22
21
20
22
19
18
20
20
18
23
20
20
14
23
15
18
18
17
12
14
19
15
8
19
14
15
15
11
18
24
11
20
19
15
13
13
16
12
10
19
8
13
16
14
9
9
19
11
5
14
9
15
7
10
16
11
11
20
10
9
10
18
12
6
7
13
10
6
12
14
22
11
13
10
12
16
11
10
15
5
9
13
9
7
17
13
6
8
8
11
5
8
7
6
6
12
15
6
5
13
11
6
12
8
14
13
9
13
13
6
11
10
16
6
4
8
8
13
7
9
11
4
7
14
9
8
11
12
7
13
9
8
15
10
13
5
9
10
8
8
9
7
8
3
7
12
7
6
7
8
12
4
4
6
7
7
9
7
7
5
10
6
12
9
11
6
5
9
9
3
3
8
4
7
4
3
7
8
3
12
4
7
9
6
6
5
6
6
13
7
9
7
4
5
3
3
4
13
3
7
6
2
5
8
9
2
1
5
9
8
9
6
5
6
10
11
5
9
6
7
4
4
4
8
0
3
4
8
6
11
5
12
8
3
9
7
5
5
9
5
9
5
5
10
6
4
4
5
9
5
8
4
5
7
4
3
3
3
6
7
6
1
9
13
5
9
6
8
11
12
4
6
2
5
10
4
4
6
4
7
7
8
5
4
2
6
4
10
5
3
3
5
9
7
1
9
6
5
3
7
9
7
5
6
4
7
3
2
5
3
4
8
7
8
7
6
5
9
3
4
4
4
6
8
5
7
4
14
3
5
5
11
6
5
5
3
6
6
3
4
3
3
2
6
6
3
5
6
2
3
2
5
6
6
5
1
2
3
3
4
8
7
10
5
4
6
2
1
5
4
5
1
4
1
4
5
3
3
4
2
1
6
3
1
5
5
2
0
4
2
6
3
2
4
3
5
3
1
4
4
3
7
3
5
3
2
1
3
4
3
3
2
2
3
4
5
1
5
1
3
2
2
1
3
3
2
2
5
3
4
4
5
5
2
4
3
3
2
2
0
3
4
0
1
2
3
6
1
3
4
0
6
1
4
2
2
2
2
5
1
4
2
1
3
1
0
1
0
4
3
2
2
2
2
3
1
3
1
0
1
0
1
0
3
1
2
2
1
3
0
2
1
0
1
2
1
0
0
1
1
1
0
1
0
1
1
3
1
1
0
2
1
1
3
0
1
0
0
0
1
0
0
0
0
1
0
0
0
0
0
1
0
2
0
0
1
0
0
1
3
1
2
0
2
1
2
0
0
0
0
2
1
1
0
0
0
0
0
1
1
0
0
0
1
2
0
0
1
0
0
0
1
1
0
0
0
0
1
0
0
1
0
0
1
0
0
0
0
1
0
0
0
0
0
0
0
0
0
0
1
0
0
1
0
0
0
0
0
0
0
1
0
0
0
1
0
0
0
0
0
0
0
2
0
0
0
0
0
0
0
0
0
0
0
1
0
0
0
0
0
0
0
0
1
0
0
0
0
0
0
0
1
0
0
0
0
0
0
0
0
0
0
0
0
0
0
0
0
0
0
0
0
0
0
0
0
0
0
0
0
0
0
0
0
0
0
0
0
0
0
0
0
0
0
0
0
0
0
0
0
0
0
0
0
0
0
0
0
0
0
0
0
0
0
0
0
0
0
0
0
0
0
0
0
0
0
0
0
0
0
0
0
0
0
0
0
0
0
0
0
0
0
0
0
0
0
0
1
0
0
0
0
0
0
0
0
0
0
0
0
0
0
0
0
0
0
0
0
0
0
0
0
0
0
0
0
0
0
0
0
0
0
0
0
0
0
0
0
0
0
0
1
0
0
0
0
0
0
0
0
0
0
0
0
0
0
0
0
0
0
0
0
0
0
0
0
0
0
0
0
0
0
0
0
0
0
0
0
0
0
0
0
0
0
0
0
0
0
0
0
0
0
0
0
0
0
0
0
0
0
0
0
0
0
0
0
0
0
0
0
0
0
0
0
0
0
0
0
0
0
0
0
0
0
0
0
0
0
0
0
0
0
0
0
0
0
0
0
0
0
0
0
0
0
0
0
0
0
0
0
0
0
0
0
0
0
0
0
0
0
0
0
0
0
0
0
0
0
0
0
0
0
0
0
0
0
0
0
0
0
0
0
0
0
0
0
0
0
0
0
0
0
0
0
0
0
0
0
0
0
0
0
0
0
1
0
0
0
0
0
0
0
0
0
0
0
0
0
0
0
0
0
0
0
0
0
0
0
0
0
0
0
0
0
0
0
0
0
0
0
0
0
0
0
0
0
0
0
0
0
0
0
0
0
0
0
0
0
0
0
0
0
0
0
0
0
1
0
0
0
0
0
0
0
0
0
0
0
1
0
0
0
0
0
0
0
0
0
0
0
0
0
0
0
0
0
0
0
0
0
0
0
0
0
0
0
0
0
0
0
0
1
0
0
0
0
0
0
0
0
0
0
0
0
0
0
0
0
0
0
0
0
0
0
0
0
0
0
0
0
0
0
0
0
0
0
0
0
0
0
0
0
0
0
0
0
0
0
0
0
0
0
0
0
0
0
0
0
0
0
0
0
0
0
0
0
0
0
0
0
0
0
0
0
0
0
0
0
0
0
0
0
0
0
0
0
0
1
0
0
0
0
0
0
0
0
0
0
0
0
0
0
0
0
0
0
0
0
0
0
0
0
0
0
0
0
0
0
0
0
0
0
0
0
0
0
1
0
0
0
0
0
0
0
0
0
0
0
0
0
1
0
0
0
0
0
0
0
0
0
0
0
0
0
0
0
0
0
0
0
0
0
0
0
0
0
0
0
0
0
0
0
0
0
0
0
0
0
0
0
0
0
0
0
0
0
0
0
0
0
0
0
0
0
0
0
0
0
0
0
0
0
0
0
0
0
0
0
0
0
0
0
0
0
0
0
0
0
0
0
0
0
0
0
0
0
0
0
0
0
0
0
0
0
0
0
0
0
0
0
0
0
0
0
0
0
0
0
0
0
0
0
0
0
0
0
0
0
0
0
0
0
0
0
0
0
0
0
0
0
